7.2,  8.2,  9.8,  99,  99,  99,  99,  99 
5.4,  6.4,  7.9,  9.9,  99,  99,  99,  99 
4,  4.9,  6.4,  8.2,  11.8,  99,  99,  99 
2.8,  3.7,  5.1,  6.7,  10,  13.6,  99,  99 
1.8,  2.7,  4,  5.5,  8.5,  11.8,  99,  99 
1,  1.8,  3,  4.4,  7.1,  10.1,  15,  99 
0.5,  1.3,  2.3,  3.5,  6,  8.8,  13.2,  99 
0.1,  0.8,  1.7,  2.9,  5.2,  7.8,  11.8,  17.4 
0,  0.6,  1.3,  2.3,  4.2,  6.4,  10,  15.2 
0,  0.6,  1.2,  2,  3.5,  5.6,  8.7,  13.5 
0,  0.5,  1.1,  1.8,  3,  4.8,  7.5,  12 
0,  0.5,  1.1,  1.8,  2.9,  4.3,  6.3,  10.4 
0,  0.5,  1,  1.7,  2.8,  4.1,  6,  9.8