7.2,  8.0,  99,  99,  99,  99,  99,  99
5.4,  6.2,  7.4,  99,  99,  99,  99,  99
4.0,  4.7,  5.8,  8.0,  99,  99,  99,  99
2.8,  3.4,  4.4,  6.5,  9.1,  99,  99,  99
1.8,  2.3,  3.2,  5.1,  7.6,  99,  99,  99 
1.0,  1.5,  2.4,  4.2,  6.5,  9.3,  99,  99 
0.5,  1.0,  1.9,  3.4,  5.3,  7.6,  99,  99 
0.1,  0.5,  1.3,  2.6,  4.1,  6.2,  10.0,  99  
0,  0.3,  0.9,  1.9,  3.1,  5.0,  8.5,  12.5  
0,  0.3,  0.7,  1.5,  2.6,  4.3,  7.4,  11.0  
0,  0.2,  0.6,  1.3,  2.3,  3.6,  6.0,  9.4  
0,  0.2,  0.6,  1.2,  1.9,  3.0,  5.0,  8.2  
0,  0.2,  0.5,  1.1,  1.8,  2.8,  4.7,  7.8