7.2, 8.6, 10.4, 99, 99, 99,  99, 99
5.4, 6.6, 8.0, 9.8, 99, 99,  99, 99
4.0, 5.0, 6.2, 7.6, 9.6, 99, 99, 99
2.8,  3.6,  4.6,  5.8,  7.7,  99,  99,  99
1.8,  2.4,  3.2,  4.3,  6.1,  8.5,  99,  99
1.0,  1.5,  2.1,  3.1,  4.9,  7.3,  99,  99
0.5,  0.9,  1.4,  2.3,  4.0,  6.3,  10.6,  99
0.1,  0.4,  0.8,  1.6,  3.2,  5.4,  9.3,  99
0,  0.2,  0.4,  1.0,  2.4,  4.4,  7.6,  12.4
0,  0.1,  0.2,  0.7,  1.8,  3.6,  6.0,  9.0
0,  0,  0.2,  0.5,  1.2,  2.7,  4.5,  6.6
0,  0,  0.2,  0.5,  0.9,  1.9,  3.0,  4.8
0,  0,  0.1,  0.4,  0.8,  1.5,  2.4,  4.0