7.2,  8.4,  99,  99,  99,  99,  99,  99 
5.4,  6.5,  8.2,  10.4,  99,  99,  99,  99 
4,  5.1,  6.6,  8.5,  11.9,  99,  99,  99 
2.8,  3.8,  5.3,  7,  10.2,  13.8,  99,  99 
1.8,  2.8,  4.1,  5.7,  8.7,  12,  99,  99 
1,  1.9,  3.1,  4.6,  7.3,  10.3,  15.3,  99 
0.5,  1.3,  2.4,  3.8,  6.2,  9.1,  13.5,  99 
0.1,  0.8,  1.9,  3.2,  5.3,  8.1,  12.1,  99 
0,  0.7,  1.4,  2.5,  4.2,  6.7,  10.4,  15.6 
0,  0.7,  1.3,  2.2,  3.5,  5.9,  9,  13.9 
0,  0.6,  1.3,  2,  3,  5.1,  7.8,  12.4 
0,  0.6,  1.2,  1.9,  2.9,  4.4,  6.6,  10.7 
0,  0.6,  1.2,  1.9,  2.9,  4.3,  6.3,  10